--------------------------------------------
	ID	|	A	|	Nz	|	Pz	|	Iz	|	PzIz	|
	1	|	!_п	|	1.000	|	0.006	|	7.295	|	0.046	|
	2	|	,_и	|	1.000	|	0.006	|	7.295	|	0.046	|
	3	|	._и	|	1.000	|	0.006	|	7.295	|	0.046	|
	4	|	:_е	|	1.000	|	0.006	|	7.295	|	0.046	|
	5	|	_бо	|	1.000	|	0.006	|	7.295	|	0.046	|
	6	|	_ви	|	1.000	|	0.006	|	7.295	|	0.046	|
	7	|	_во	|	3.000	|	0.019	|	5.710	|	0.109	|
	8	|	_вы	|	1.000	|	0.006	|	7.295	|	0.046	|
	9	|	_гд	|	1.000	|	0.006	|	7.295	|	0.046	|
	10	|	_дя	|	1.000	|	0.006	|	7.295	|	0.046	|
	11	|	_ес	|	1.000	|	0.006	|	7.295	|	0.046	|
	12	|	_и_	|	2.000	|	0.013	|	6.295	|	0.080	|
	13	|	_из	|	1.000	|	0.006	|	7.295	|	0.046	|
	14	|	_их	|	1.000	|	0.006	|	7.295	|	0.046	|
	15	|	_мо	|	1.000	|	0.006	|	7.295	|	0.046	|
	16	|	_на	|	2.000	|	0.013	|	6.295	|	0.080	|
	17	|	_ни	|	1.000	|	0.006	|	7.295	|	0.046	|
	18	|	_по	|	2.000	|	0.013	|	6.295	|	0.080	|
	19	|	_пр	|	1.000	|	0.006	|	7.295	|	0.046	|
	20	|	_ра	|	1.000	|	0.006	|	7.295	|	0.046	|
	21	|	_ре	|	1.000	|	0.006	|	7.295	|	0.046	|
	22	|	_с_	|	1.000	|	0.006	|	7.295	|	0.046	|
	23	|	_тр	|	1.000	|	0.006	|	7.295	|	0.046	|
	24	|	_чр	|	1.000	|	0.006	|	7.295	|	0.046	|
	25	|	_яс	|	1.000	|	0.006	|	7.295	|	0.046	|
	26	|	а_в	|	1.000	|	0.006	|	7.295	|	0.046	|
	27	|	а_и	|	1.000	|	0.006	|	7.295	|	0.046	|
	28	|	азг	|	1.000	|	0.006	|	7.295	|	0.046	|
	29	|	асн	|	1.000	|	0.006	|	7.295	|	0.046	|
	30	|	ать	|	1.000	|	0.006	|	7.295	|	0.046	|
	31	|	ашл	|	1.000	|	0.006	|	7.295	|	0.046	|
	32	|	бол	|	1.000	|	0.006	|	7.295	|	0.046	|
	33	|	вит	|	1.000	|	0.006	|	7.295	|	0.046	|
	34	|	вод	|	1.000	|	0.006	|	7.295	|	0.046	|
	35	|	вол	|	1.000	|	0.006	|	7.295	|	0.046	|
	36	|	вот	|	1.000	|	0.006	|	7.295	|	0.046	|
	37	|	выз	|	1.000	|	0.006	|	7.295	|	0.046	|
	38	|	где	|	1.000	|	0.006	|	7.295	|	0.046	|
	39	|	гул	|	1.000	|	0.006	|	7.295	|	0.046	|
	40	|	д_в	|	1.000	|	0.006	|	7.295	|	0.046	|
	41	|	де_	|	1.000	|	0.006	|	7.295	|	0.046	|
	42	|	дой	|	1.000	|	0.006	|	7.295	|	0.046	|
	43	|	дут	|	1.000	|	0.006	|	7.295	|	0.046	|
	44	|	дца	|	1.000	|	0.006	|	7.295	|	0.046	|
	45	|	дьк	|	1.000	|	0.006	|	7.295	|	0.046	|
	46	|	дяд	|	1.000	|	0.006	|	7.295	|	0.046	|
	47	|	дят	|	1.000	|	0.006	|	7.295	|	0.046	|
	48	|	е!_	|	1.000	|	0.006	|	7.295	|	0.046	|
	49	|	е:_	|	1.000	|	0.006	|	7.295	|	0.046	|
	50	|	е_н	|	1.000	|	0.006	|	7.295	|	0.046	|
	51	|	е_п	|	1.000	|	0.006	|	7.295	|	0.046	|
	52	|	едо	|	1.000	|	0.006	|	7.295	|	0.046	|
	53	|	еду	|	1.000	|	0.006	|	7.295	|	0.046	|
	54	|	ей_	|	1.000	|	0.006	|	7.295	|	0.046	|
	55	|	екр	|	1.000	|	0.006	|	7.295	|	0.046	|
	56	|	ест	|	1.000	|	0.006	|	7.295	|	0.046	|
	57	|	з_в	|	1.000	|	0.006	|	7.295	|	0.046	|
	58	|	згу	|	1.000	|	0.006	|	7.295	|	0.046	|
	59	|	зей	|	1.000	|	0.006	|	7.295	|	0.046	|
	60	|	зод	|	1.000	|	0.006	|	7.295	|	0.046	|
	61	|	и_б	|	1.000	|	0.006	|	7.295	|	0.046	|
	62	|	и_в	|	1.000	|	0.006	|	7.295	|	0.046	|
	63	|	и_д	|	1.000	|	0.006	|	7.295	|	0.046	|
	64	|	и_р	|	1.000	|	0.006	|	7.295	|	0.046	|
	65	|	и_с	|	1.000	|	0.006	|	7.295	|	0.046	|
	66	|	и_т	|	1.000	|	0.006	|	7.295	|	0.046	|
	67	|	идц	|	1.000	|	0.006	|	7.295	|	0.046	|
	68	|	из_	|	1.000	|	0.006	|	7.295	|	0.046	|
	69	|	или	|	1.000	|	0.006	|	7.295	|	0.046	|
	70	|	ими	|	1.000	|	0.006	|	7.295	|	0.046	|
	71	|	итя	|	1.000	|	0.006	|	7.295	|	0.046	|
	72	|	их_	|	1.000	|	0.006	|	7.295	|	0.046	|
	73	|	й._	|	1.000	|	0.006	|	7.295	|	0.046	|
	74	|	й_и	|	1.000	|	0.006	|	7.295	|	0.046	|
	75	|	й_п	|	1.000	|	0.006	|	7.295	|	0.046	|
	76	|	ка_	|	1.000	|	0.006	|	7.295	|	0.046	|
	77	|	кой	|	1.000	|	0.006	|	7.295	|	0.046	|
	78	|	кра	|	1.000	|	0.006	|	7.295	|	0.046	|
	79	|	ле!	|	1.000	|	0.006	|	7.295	|	0.046	|
	80	|	ле:	|	1.000	|	0.006	|	7.295	|	0.046	|
	81	|	ли_	|	2.000	|	0.013	|	6.295	|	0.080	|
	82	|	льш	|	1.000	|	0.006	|	7.295	|	0.046	|
	83	|	лят	|	1.000	|	0.006	|	7.295	|	0.046	|
	84	|	ми_	|	1.000	|	0.006	|	7.295	|	0.046	|
	85	|	мор	|	1.000	|	0.006	|	7.295	|	0.046	|
	86	|	на_	|	1.000	|	0.006	|	7.295	|	0.046	|
	87	|	наш	|	1.000	|	0.006	|	7.295	|	0.046	|
	88	|	ним	|	1.000	|	0.006	|	7.295	|	0.046	|
	89	|	ных	|	2.000	|	0.013	|	6.295	|	0.080	|
	90	|	од_	|	1.000	|	0.006	|	7.295	|	0.046	|
	91	|	одя	|	1.000	|	0.006	|	7.295	|	0.046	|
	92	|	ое_	|	1.000	|	0.006	|	7.295	|	0.046	|
	93	|	оил	|	1.000	|	0.006	|	7.295	|	0.046	|
	94	|	ой.	|	1.000	|	0.006	|	7.295	|	0.046	|
	95	|	ой_	|	1.000	|	0.006	|	7.295	|	0.046	|
	96	|	оле	|	2.000	|	0.013	|	6.295	|	0.080	|
	97	|	оль	|	1.000	|	0.006	|	7.295	|	0.046	|
	98	|	орс	|	1.000	|	0.006	|	7.295	|	0.046	|
	99	|	ост	|	1.000	|	0.006	|	7.295	|	0.046	|
	100	|	от_	|	1.000	|	0.006	|	7.295	|	0.046	|
	101	|	пол	|	1.000	|	0.006	|	7.295	|	0.046	|
	102	|	пос	|	1.000	|	0.006	|	7.295	|	0.046	|
	103	|	пре	|	1.000	|	0.006	|	7.295	|	0.046	|
	104	|	раз	|	1.000	|	0.006	|	7.295	|	0.046	|
	105	|	рас	|	1.000	|	0.006	|	7.295	|	0.046	|
	106	|	ред	|	2.000	|	0.013	|	6.295	|	0.080	|
	107	|	рек	|	1.000	|	0.006	|	7.295	|	0.046	|
	108	|	рид	|	1.000	|	0.006	|	7.295	|	0.046	|
	109	|	рои	|	1.000	|	0.006	|	7.295	|	0.046	|
	110	|	рск	|	1.000	|	0.006	|	7.295	|	0.046	|
	111	|	с_н	|	1.000	|	0.006	|	7.295	|	0.046	|
	112	|	ско	|	1.000	|	0.006	|	7.295	|	0.046	|
	113	|	сны	|	2.000	|	0.013	|	6.295	|	0.080	|
	114	|	стр	|	1.000	|	0.006	|	7.295	|	0.046	|
	115	|	сть	|	1.000	|	0.006	|	7.295	|	0.046	|
	116	|	ся_	|	1.000	|	0.006	|	7.295	|	0.046	|
	117	|	т_н	|	1.000	|	0.006	|	7.295	|	0.046	|
	118	|	т_я	|	1.000	|	0.006	|	7.295	|	0.046	|
	119	|	три	|	1.000	|	0.006	|	7.295	|	0.046	|
	120	|	тро	|	1.000	|	0.006	|	7.295	|	0.046	|
	121	|	ть_	|	2.000	|	0.013	|	6.295	|	0.080	|
	122	|	тьс	|	1.000	|	0.006	|	7.295	|	0.046	|
	123	|	тяз	|	1.000	|	0.006	|	7.295	|	0.046	|
	124	|	уля	|	1.000	|	0.006	|	7.295	|	0.046	|
	125	|	ут.	|	1.000	|	0.006	|	7.295	|	0.046	|
	126	|	х,_	|	1.000	|	0.006	|	7.295	|	0.046	|
	127	|	х_м	|	1.000	|	0.006	|	7.295	|	0.046	|
	128	|	х_ч	|	1.000	|	0.006	|	7.295	|	0.046	|
	129	|	цат	|	1.000	|	0.006	|	7.295	|	0.046	|
	130	|	чре	|	1.000	|	0.006	|	7.295	|	0.046	|
	131	|	шли	|	1.000	|	0.006	|	7.295	|	0.046	|
	132	|	шое	|	1.000	|	0.006	|	7.295	|	0.046	|
	133	|	ызо	|	1.000	|	0.006	|	7.295	|	0.046	|
	134	|	ых,	|	1.000	|	0.006	|	7.295	|	0.046	|
	135	|	ых_	|	1.000	|	0.006	|	7.295	|	0.046	|
	136	|	ь_в	|	1.000	|	0.006	|	7.295	|	0.046	|
	137	|	ь_р	|	1.000	|	0.006	|	7.295	|	0.046	|
	138	|	ька	|	1.000	|	0.006	|	7.295	|	0.046	|
	139	|	ься	|	1.000	|	0.006	|	7.295	|	0.046	|
	140	|	ьшо	|	1.000	|	0.006	|	7.295	|	0.046	|
	141	|	я_г	|	1.000	|	0.006	|	7.295	|	0.046	|
	142	|	ядь	|	1.000	|	0.006	|	7.295	|	0.046	|
	143	|	язе	|	1.000	|	0.006	|	7.295	|	0.046	|
	144	|	ясн	|	1.000	|	0.006	|	7.295	|	0.046	|
	145	|	ят_	|	1.000	|	0.006	|	7.295	|	0.046	|
	146	|	ять	|	1.000	|	0.006	|	7.295	|	0.046	|
